+12405757214
+12198486175
+18646349886
+17130497098
+15649413090
+14194465358
+18143460728
+15312718127
+16291588143
+15510304256
+17547921168
+18655145752
+15082128089
+13125024137
+18584381112
+18604858959
+13375783509
+15670536178
+12123586262
+19591865214
+15394832240
+13102544573
+12284228370
+14425967653
+14248927441
+15610359370
+13144867753
+19544872162
+19703953811
+16696884843
+16817467315
+14148645290
+18607975378
+13250464539
+12400807775
+16307835767
+13160599773
+17182958173
+13406601647
+19286680694
+12188887084
+17324221973
+16140526477
+14243630770
+17246363347
+15120008037
+18381108642
+15738858018
+16812155272
+17638665329
+15402690797
+18140271572
+14129706334
+14325701803
+13518945668
+17626556873
+14756419702
+15026981197
+15711996695
+17274105697
+14028521449
+17156711476
+14130937089
+17085369399
+19410075787
+19181828900
+18726251770
+17373779413
+18282075973
+19086500100
+13407258393
+12679966812
+16086312564
+14132982631
+15803100050
+17343365679
+16306143388
+12101466274
+19015540611
+19289616471
+13390319088
+19105175176
+16285628633
+15185561621
+17137963613
+16469806076
+16183713400
+19416689795
+17854278836
+15805046013
+17437060736
+12311034972
+16693011603
+16070481764
+14434653408
+14588798046
+14431023880
+13527377294
+13475583104
+15024294998
+14807497069
+17600038787
+12402178468
+18066044436
+14108636149
+17698339016
+16101160583
+15209044742
+15748560583
+12018394313
+19414576553
+17543969156
+15029460904
+16315686831
+19125520048
+16411882259
+17622574897
+18654648508
+17601887184
+16200864071
+13467564818
+19543944825
+18035464533
+19780533869
+17541948031
+17319114064
+12347866856
+18593071966
+15623963932
+15029079985
+15403308771
+12073428276
+14756885660
+17029862007
+19138068347
+15080655676
+13133247398
+17174019964
+16891645711
+14150916542
+16235618035
+15396318109
+16670794760
+17377983978
+15010770973
+19085740472
+19141774947
+14157889960
+17244620860
+14082053934
+19107391897
+16194553511
+12299075636
+15591280294
+12402207323
+12036245639
+13615657946
+14359487973
+15025755448
+16086916624
+17757731301
+17121705232
+17472514754
+18567981200
+17240667813
+17812130510
+16514649158
+15027636448
+14072304103
+12064650528
+14302967808
+12705956622
+16820242857
+19567043832
+12287010765
+19175659179
+16514719085
+16158263055
+18027942852
+17858470708
+12763532328
+12760987610
+16297202466
+12548535304
+19011982193
+16575493741
+13612903120
+13108385288
+13857505749
+18174443151
+17021771024
+12092364557
+16575181049
+13146771288
+17195406906
+15612064071
+17177752308
+13364906094
+15402035702
+17658830191
+17859272384
+14758752010
+14046776980
+13199811520
+19513063803
+12390473671
+16027674907
+18708595194
+15854476762
+14584594405
+12315499782
+16020479347
+18783915173
+12158197425
+19414766559
+19316194480
+17185867151
+19407507664
+12190276338
+17265388891
+16697639941
+15755576030
+17730049469
+18504713725
+17405571149
+18137397491
+13394755664
+12144643705
+17325162288
+17653604306
+16677094444
+18140589591
+14326807392
+13047057446
+18600980776
+19149781592
+18100972907
+18786572581
+15806420276
+13157954234
+16303113192
+19150763205
+18123875213
+15391380009
+18150962329
+16622854109
+17474610831
+17860907453
+17199042200
+12147544004
+14078013748
+17650844080
+15740834625
+19799819266
+14236504025
+13209241557
+12605635580
+18022001738
+19847424178
+19591877787
+12037718711
+19084395405
+19798546002
+18549644563
+16103718757
+19719706869
+12722888687
+15342232593
+12256577122
+13174686238
+12541830844
+15719584852
+13033692672
+13216578796
+18700865659
+18477490845
+15408921188
+17034602705
+16411686026
+19499792879
+17475302522
+12700750009
+17173270682
+17371996931
+14142089142
+17377806728
+15855985614
+16157831662
+15013330943
+15623360564
+18328249346
+16233785051
+19791257268
+19847124163
+19349348242
+17863501216
+16364881961
+12257256089
+17137416809
+14140318481
+15013004961
+18010370441
+14010797808
+15028547646
+15097410785
+19369815834
+17633573765
+18102952414
+16803886719
+13134199295
+12606396696
+17177164398
+14349125178
+12624587007
+17867417647
+12604826046
+15408949246
+18384834512
+15349185872
+19304705187
+12728903834
+17158810376
+15092226639
+18153989869
+14704209527
+16077734257
+19893363160
+16206272339
+19101174732
+13255952507
+19084541542
+16363006861
+19159392066
+13142715633
+19736797507
+14144869444
+18124664331
+12139961213
+19090656344
+12319720398
+17314061401
+16824201712
+18631880186
+19181758419
+15303002588
+14584707090
+17208668763
+15401117760
+16091365387
+19084826023
+17120099793
+18322639815
+15167233759
+18289552170
+13460470384
+14015713161
+14144634104
+16309257541
+18055654981
+13307049518
+14809110939
+15408592077
+12702013319
+16198703048
+17314869402
+13217411522
+13018110573
+15809435013
+16179888642
+13105195353
+15641286689
+17861852996
+12181614439
+12182785556
+13198929961
+17638369462
+17069788240
+14247293896
+15611941397
+12011835670
+16232339126
+14404686299
+18620369021
+18457275864
+17736289995
+12129568590
+19292803197
+17323821110
+12525479248
+19715208439
+18161596469
+18703692334
+17699681921
+15168141121
+15671886871
+14303706315
+12154572760
+17245776976
+19077062821
+19132163775
+16368548681
+17577198219
+19158066961
+12765136607
+19565041750
+18571736034
+17755583028
+15313475607
+12252031037
+12139197196
+18457073060
+15647198640
+19081633525
+16179317020
+12567248052
+19541961427
+18131361592
+16144905685
+18586959707
+12090835644
+15019126381
+14799337416
+13517858702
+13858150590
+15054668632
+15089877569
+14198065367
+14146543541
+12317983694
+17733886166
+17434987717
+15677966303
+19730972442
+19383136722
+14026402686
+13866903754
+13168969018
+12536691197
+19790801918
+17638766824
+18500033715
+12812579838
+18631451514
+12540096321
+15749846649
+17269423367
+18061101901
+19031636119
+17605881666
+15183631799
+19543096154
+19852217653
+13157342872
+12293040537
+15098858750
+14147706811
+14058650002
+18320502280
+12695574532
+19892312861
+18282591657
+13059466916
+19803075429
+13259350472
+17401017023
+15866694398
+19520421013
+18042160831
+18152431648
+16617093855
+15511692813
+19258245250
+15054690816
+17348886647
+17812131626
+16037183531
+13516832259
+13649653770
+15619067250
+16198109518
+18141777945
+14245843857
+16053858190
+16576714498
+13378740925
+19543425591
+18780614987
+18175593318
+16294707587
+18315016812
+15088488117
+18657054626
+13398476452
+12483297819
+13858455526
+15713440821
+17375655369
+18632595681
+15084349259
+14153798115
+19283152223
+12396816378
+13028842850
+13160900572
+16590602869
+17089989864
+15151186378
+16185902653
+14234764199
+13198102201
+17813525890
+12398341882
+19563479128
+12163449678
+18703840100
+14328821812
+18470109799
+15672818978
+12010578241
+15051647273
+13013931964
+13308113256
+17147678353
+14400558787
+18502507971
+19012400573
+18729523228
+12077472177
+12489317919
+14756045155
+16022178987
+17724205056
+14326317427
+19899361504
+13861490315
+15407025769
+16361615263
+13517177143
+16076599986
+19897812596
+18583471501
+12698847935
+14808614121
+12314453847
+15303947747
+19727747723
+12054329962
+17317186810
+12529299621
+15126507862
+19894560477
+13154707206
+18028985928
+15626556577
+14304146420
+16066244961
+16124634677
+13516714027
+14121323913
+17125454914
+15750859096
+15743527083
+16025893245
+16896451002
+15345801802
+16361120693
+13070970141
+18783359685
+17125278813
+19737870393
+14122755092
+12092006537
+13376349702
+16515215776
+15187269906
+15078263561
+13127029654
+19416037115
+18054445940
+14844534415
+17743439319
+17038463032
+19340300485
+15738749159
+16693791468
+13032848271
+16266875141
+12517575131
+18632564335
+15715167617
+14241499164
+16155434836
+18626328430
+13394458849
+13607624942
+12191697142
+14707799044
+16305716423
+13187561789
+13165274264
+14585484311
+16618418395
+14070426617
+17273962184
+13347874766
+17074596943
+14197196043
+12677707211
+18388659574
+12548009086
+15865936764
+17085023852
+18629937873
+19299434088
+17742243687
+17313920640
+12296375722
+19413997073
+17700774395
+13511388201
+13251704336
+12522028187
+15674739954
+17793549562
+15072617876
+18455377989
+18059469360
+19520142269
+12196945684
+15640459377
+17087026700
+14759069417
+14195216552
+17156821485
+12728795466
+14701665727
+13235080537
+12315559908
+15070341461
+16821736222
+13366662842
+16100951108
+17401320641
+13527918399
+16161241081
+17318906820
+14054125881
+12721173885
+13147362033
+19197521718
+19727102845
+18605852371
+15747264240
+14029634881
+19371618825
+18476911205
+16286719869
+12058644306
+17435736100
+14091406799
+16105973486
+13211833476
+16369574031
+19785288165
+19730383000
+19194449472
+12168924484
+15418200221
+17856904321
+18725365375
+14108250250
+18036106896
+12532949363
+12163363939
+15595396169
+12024366707
+14064471235
+18309522613
+15106033870
+15416758406
+18574926711
+16197784791
+17046789058
+13039332604
+17862569787
+16085827122
+14012292030
+17869646199
+19070715616
+16896392845
+15201718406
+15745895683
+12024804067
+15737414046
+15850569359
+14697093131
+17155268410
+18042795102
+16307526012
+15301401861
+16156285176
+15019998487
+12397357404
+16673329142
+13400585609
+17636031139
+18384296336
+15102901118
+15418858847
+19388223536
+15753206499
+12521439184
+15858909524
+15734797163
+17575803535
+15408931922
+15732358134
+15045216497
+18120608082
+13401033000
+19280461135
+16606827543
+17858208970
+19388483443
+16149160921
+15752941587
+18061886419
+19147435724
+12033140877
+14084955822
+18186824421
+16267103783
+19417966895
+15014619332
+14120350126
+16055510731
+15712506087
+12349405256
+16517856223
+16145891038
+19181634240
+19475481246
+15401638429
+18108249762
+13163109589
+13184446309
+13306975515
+15739439216
+16289285505
+18500239252
+14132195826
+12074843575
+13178701776
+15164221950
+19301382551
+15094675338
+12076311009
+18546087017
+12130121614
+19786414090
+19387661643
+16233330573
+16782655811
+12108731874
+18508703226
+12280137803
+19788905019
+17861333048
+17146435916
+15515732392
+16597339389
+19734588269
+15013539108
+16895995995
+15095641162
+12489805993
+18168219431
+16109223296
+14244024890
+19362566748
+15863557902
+15087019144
+13475067941
+18470295070
+14061079377
+17349671636
+19303862449
+19071103136
+12094817995
+17633025510
+16802353243
+19316901125
+12197433877
+15750241218
+19195578751
+18576666210
+17706417833
+12191133095
+19371568415
+19046606027
+13516020045
+16469285969
+18786248298
+15737733820
+12064074268
+16073826208
+17543034837
+17602322712
+14017403404
+13025575713
+15030122938
+13196222038
+16191137059
+17577870838
+13147666903
+17328343606
+19042850068
+13255225726
+17245381885
+15862768529
+18489815857
+13516289419
+18501258905
+12100122921
+16191960511
+18188758960
+15417767194
+12139569263
+16787924392
+19121379870
+18451830720
+15712087219
+18029503298
+19317116697
+12400735913
+12052216358
+13039263151
+19707116602
+15203370384
+18508189824
+13516233038
+19287560740
+17437108232
+19148491316
+14062490286
+15094165983
+13606289004
+15052248863
+12694463945
+16672456617
+16697346664
+18542479741
+17735803186
+18622434100
+17169840213
+19413946211
+17737250560
+19369619938
+15401258207
+17705445413
+13073428468
+18548723328
+13081137610
+19104233701
+14096465795
+19802722278
+16509611490
+19069379178
+15075364141
+17048873810
+13071532035
+16016706507
+17138750563
+14251944578
+17749632123
+18171160733
+12696485209
+14304971334
+14081160939
+13473890219
+12241403407
+14121122664
+15074314508
+19162686509
+13252533681
+12085836636
+13057680527
+12765138225
+15098479151
+16315384821
+19477898191
+18637558203
+12152012406
+19065780842
+12017384513
+13364300279
+12089026162
+17758277618
+18621399335
+15058573979
+12523888789
+16174397551
+18548232630
+19540377887
+19526075674
+18051250519
+14401709257
+14099823767
+15010632050
+19206223876
+18563686355
+19078119273
+16501091611
+18705884374
+17540643966
+17406820396
+17731432933
+13206731831
+13365815179
+18104875630
+12097877200
+16573407636
+19122785781
+18475077975
+16057187225
+12147343243
+14152768379
+12190051066
+19853287490
+13528049276
+18063723727
+16629831813
+18147510036
+13391204581
+18161709041
+16623772964
+18059460607
+16514657164
+19154565732
+17125277431
+16805550950
+12547889144
+13097861699
+17045089281
+19340262493
+17196642712
+14093196796
+19095919194
+13073047473
+17745577958
+12052066457
+17798902497
+12120208307
+17728133891
+15708346233
+13391967693
+18784357624
+19782154472
+13525799607
+18064264682
+18506570985
+15590326762
+19299081903
+19738623944
+14132396475
+16289381130
+14085294231
+19566102109
+19148509407
+18011025172
+19474704939
+14191311279
+15593733631
+17318428195
+19131643404
+13368781849
+12566291658
+19372098705
+18597843228
+12532889263
+13181970157
+18170520844
+13478253968
+16288099422
+14019262454
+18134944426
+15077750258
+17130365452
+17862774499
+15176059803
+16809104661
+14081727553
+15717300254
+18727698146
+19188861833
+12671098592
+12608471717
+19319142591
+19797109293
+13125619945
+17608779362
+13391881945
+19598682529
+17024375041
+19310441912
+16187762537
+16788550815
+19408566420
+15077203120
+17627593141
+18586895661
+14849403424
+16189193914
+15041918199
+17863089190
+16575468789
+14147403894
+16031835045
+14796360898
+17735141664
+17065096498
+17067375116
+19146024566
+19031176475
+18381250197
+16677287666
+15869519094
+17812247874
+17270116823
+13194221463
+18172692024
+17153151819
+15121267174
+13232629218
+17653836769
+13866396831
+15082922273
+18022818422
+12075976017
+16819023234
+18729659999
+15108577024
+18045507350
+15319152741
+16508096522
+19196284154
+15311914750
+12156319666
+14803133753
+18786209536
+13217770925
+17851411818
+13857060950
+12488766239
+17195366707
+14781606044
+13195460032
+13469821947
+19317570993
+16609527647
+19039528715
+17406434486
+17142529229
+12696525618
+19499095010
+19030392371
+12397842933
+17065701003
+16123427210
+12704858279
+18140100715
+12674362123
+13054270117
+19525236286
+12172385809
+16512068265
+13349186698
+18620466297
+16788383826
+19176805492
+17473900723
+19526284054
+12523031710
+14128363723
+18452986107
+18627675474
+19803582890
+13010392397
+19039184272
+19254821116
+17478808912
+17026517735
+19708601853
+14099274405
+19373860518
+14348917644
+18781038976
+19283044614
+14345330455
+14133813502
+19085448600
+15676421427
+14056305061
+12017011424
+19070347049
+16098441755
+17732145868
+18437419457
+16624422725
+17080665428
+19182656761
+15731561596
+19385021769
+15391914482
+17725300032
+14405221547
+13360327101
+19157183758
+19343999696
+14585859785
+17176266525
+18383189505
+12311950850
+16014187404
+12256630179
+18127719018
+15010522784
+18308372686
+19723412111
+12082790740
+17165456476
+17032382355
+14109353520
+18590902745
+19543457577
+19593739499
+14197395578
+17157048408
+12392556110
+16414940977
+15185657841
+19796898194
+14354507787
+13080637399
+19295952475
+17242773700
+19282707734
+17179487186
+16804290971
+17258354481
+17173622798
+15732298358
+19855583064
+13029459384
+19146627492
+14198003681
+18381803265
+18482339061
+18632057729
+19724169227
+15715593179
+19843811763
+14127964739
+12340769023
+17747883399
+17749803105
+15042334825
+14045463440
+18489415279
+12075403688
+15512895414
+15153945135
+18166335012
+17209714844
+14042972725
+19528027023
+18658969234
+15201383345
+15209456714
+17407511976
+15204968717
+16159997023
+18625019336
+17479577191
+13218467297
+15120311076
+13461311311
+19373299293
+16607521909
+13215377619
+18653458400
+14438760284
+19892546903
+12072307518
+13165608531
+15407932783
+17264873880
+13184671395
+19181400501
+16502917858
+18283465938
+12286441284
+12065060324
+18281329536
+15716985889
+19413298471
+17376358037
+15302685734
+14305222812
+14131184461
+12064854120
+17658414710
+13319776443
+19560198989
+17258945290
+17656369630
+14342396941
+15805497688
+19080290829
+18607733104
+18632673165
+12346598879
+15516522434
+18329966696
+14432553317
+17816005776
+16416062801
+13200200471
+12674982798
+18124771627
+13609491815
+15716405430
+12120625250
+13028446486
+13257985947
+12086563684
+14151104435
+19541946864
+17851434477
+19121222677
+16284764131
+17473264253
+18780144876
+12179510608
+16296924134
+14139204794
+16780627397
+17035973642
+18063192705
+15307188790
+19367833426
+14019675909
+15634414788
+19295048026
+12022939499
+16065147123
+12125091666
+12109296063
+19361881298
+14098966541
+19714286106
+19367950854
+19297565995
+14400179646
+17709663231
+19782185586
+13304372184
+19413835123
+13510878742
+16590587267
+14085615455
+18122394370
+19085577038
+17850823773
+19123257582
+12078390861
+15716654305
+19782776744
+14152763441
+14050584588
+16188443990
+12010006410
+15121448736
+19722233090
+12070158430
+17205852880
+14141550439
+17012904766
+16179394665
+14800567611
+19400134843
+19069124464
+19089522904
+19710201501
+15807625078
+19720642694
+14429410581
+16267201964
+13139856691
+12520160868
+14845259765
+15411859629
+16014578277
+19547620375
+18068556950
+14807582925
+19845721776
+15043305003
+19124811249
+17738293520
+19722111178
+17172707904
+17199075878
+16197277454
+19412149393
+19159487038
+18387060077
+15347888734
+14794697678
+19859169372
+12623732628
+17316803505
+13306247430
+13196137774
+19377909966
+13021895806
+13034650109
+19566739646
+18585610002
+16140966402
+18646711159
+15742671386
+14098106476
+13614131664
+16260591835
+12534785292
+16143014086
+17377771737
+15187347336
+12565194988
+17703093916
+17751492416
+15139542103
+18566330798
+18640136120
+19385314636
+13190781038
+19133387783
+16618803015
+15753808314
+15150589964
+12537901098
+13369270950
+19176691362
+12568800786
+16209000547
+16205987821
+18598812142
+18642756916
+19280501592
+17637341145
+18179747549
+18606057647
+19791119904
+19125189706
+18587523460
+16055814951
+16515896190
+16201323851
+13613211300
+14585737256
+19147178817
+19843283022
+18130086365
+16104519727
+19400660708
+13377313581
+17076338222
+18434705643
+15390333051
+16596723806
+16029528835
+18042112940
+16055617518
+14438622134
+19377167224
+15851580308
+19404563812
+14782878238
+17139464893
+18594057322
+17656546367
+17813452718
+14246273336
+17082604454
+16030603300
+16193469126
+12103033324
+14139993174
+17623686551
+17242761895
+13012318893
+17206554537
+16785913117
+15087254094
+15644970888
+13528058875
+13407595650
+16812417382
+16103568893
+14347561453
+18151582809
+15861375015
+13156003292
+12020021478
+13141557734
+15166692385
+14046652928
+17744899098
+19083415939
+18487727411
+16204124385
+18655147636
+16149585042
+19781191173
+18155861320
+13043752722
+12196451863
+14104065002
+17694116719
+13099048434
+15394711039
+12348824455
+13472459905
+13045940437
+13160155356
+17650467586
+19544341753
+12696682501
+12535490576
+13404925940
+18153280312
+16038757458
+17122394379
+17817395814
+13182455770
+13022096140
+15517234150
+15634257940
+14245551706
+17401327956
+12814118460
+16265564702
+16579192279
+17541338983
+17729068094
+15619249539
+19792851219
+13043529492
+16629950554
+18450214613
+15139267027
+12022835120
+14172364547
+13314384208
+18038235462
+13038315200
+12087249829
+14063372321
+18545290224
+14791066849
+19789151936
+12158465282
+17045997034
+15342799723
+16230197596
+19099572391
+18326679048
+16230242167
+15639949788
+12346360053
+12138976551
+15519905540
+12080027237
+14101658331
+12811878799
+18022988943
+16162591981
+16896325305
+17271702034
+13408185800
+19153177838
+12670249352
+13033600435
+17323475751
+12569276936
+19415931674
+18454683607
+15025533210
+12174626019
+15736322734
+15804043609
+15735242887
+13106012386
+14430118901
+16826323542
+17240518308
+13178052546
+15801072677
+17325507403
+18547181770
+14235463596
+15700018890
+16576459211
+15706612003
+15346360224
+19091944606
+13105911465
+15670633501
+15613904563
+19176207720
+14029869515
+16595317566
+13529023543
+15092284224
+13305715744
+12156931730
+15590856981
+19345243038
+12036855828
+15674933736
+19078799542
+18701427260
+16501089085
+18320241226
+17187615214
+15344600108
+17207103840
+17314474885
+19703279486
+12620571299
+18101091736
+16812369373
+16617693465
+19523706853
+12487332813
+19156251299
+16081742097
+18436473486
+14797692441
+12565651157
+18045577269
+19780252755
+19785084032
+15084491502
+12545787677
+12605875198
+17632580548
+19132103126
+13019479510
+19127472920
+15171627539
+16319468368
+17373161240
+12622365753
+16012466013
+14106286759
+16190609166
+14694776478
+12546346383
+15183793684
+17279123180
+15628670059
+13367213654
+16174407097
+13473345577
+15804162205
+14057830201
+16466710712
+18104679866
+16808624089
+15027689134
+18591743186
+13075158615
+16691359137
+16825558221
+18506860208
+16361892477
+14106205649
+19405745853
+17138579687
+18126143096
+17080626352
+14107186104
+13378499337
+19372198265
+18307300398
+17348419022
+16618222151
+19499054147
+17246726409
+15037638043
+19844532623
+15632194807
+16676919390
+19859464987
+16056724282
+15805039453
+12133543872
+15678089643
+19259845387
+18125460699
+15716153113
+19126396972
+19166549458
+17049553917
+19154467072
+14841843834
+13512859433
+13132351011
+19715737156
+17741234257
+19145964024
+14061847587
+13015582643
+13100216210
+19201754507
+12179584391
+14303590772
+14249075417
+17578262027
+17626671571
+12251658280
+12816839065
+17141922783
+16284478304
+15803060330
+12519359984
+15075424112
+17319079357
+15300964228
+17751053442
+12315860809
+17733719407
+15801743357
+17163288947
+12810147625
+14045061041
+16621603326
+13528693268
+17060997932
+18080287876
+19599919018
+19012872431
+17311123903
+17577249901
+15133306564
+18508027062
+17401739527
+17629726474
+19042841582
+17736242004
+19012925294
+19065096137
+14587968818
+15409091691
+19849183998
+19065655879
+19598442626
+13030017637
+13310391740
+19030495232
+16059881445
+14175269168
+14071160166
+14175701484
+19702018120
+17064789342
+12186317567
+14424430948
+16090883085
+18143869511
+15743995374
+14432697232
+15517048258
+18659845898
+16603237003
+18087431518
+18540560963
+13617736395
+12393009341
+12195847718
+15030476610
+19783242303
+13405968122
+14096705609
+12180155138
+15617490287
+12032793188
+16028652442
+19529524300
+16307418847
+15083050208
+17018901062
+13139934785
+18326009335
+14400291947
+18489880717
+17659827338
+12085405793
+19346748734
+17079781838
+18029491310
+18124152867
+16578073635
+14026377713
+12180767935
+13527505199
+14108861579
+12486034927
+17032065217
+17155880744
+19360471518
+13479767027
+16202288517
+12527216460
+13643991601
+16601769255
+18787043105
+15616267230
+19070557013
+15074471764
+19417621384
+12081897229
+19192308486
+12390384429
+18607100068
+18707534223
+15044193204
+16507563846
+15754168523
+13136588246
+12073205729
+12185453592
+15126443963
+12148765987
+19700880095
+15105504338
+18302387353
+14046780327
+12094116094
+12053025485
+16574332236
+14199814222
+18130892084
+13378585450
+19153303618
+14321789930
+16608086661
+13199509249
+15399877187
+14094554048
+17631203365
+19067881564
+14106624957
+19093381681
+15045861719
+15392345006
+13028674214
+14027163791
+12707812198
+12169695405
+18122996029
+14701213763
+15711277615
+16205642054
+12729550923
+14055118928
+15305335243
+16084514655
+13803921231
+15732885000
+18046272000
+16512519531
+13367973264
+15599515039
+13153830226
+19093767364
+12523092541
+16628741283
+17085511665
+16146077142
+19201469568
+13203460924
+14842773492
+15643292604
+14069910307
+18606811405
+17143671543
+13074338609
+16827298055
+16505850847
+15341408800
+17370749989
+16122261043
+17316915858
+15100763956
+14237038063
+17268656684
+15392465288
+16699858268
+16818935750
+12179113622
+19259829460
+19499826586
+19250344525
+17732252605
+12157790025
+13474714736
+19041604291
+14699365897
+17325339003
+12071027222
+12242497506
+19717727110
+17811343520
+14148325646
+19170307247
+14352554372
+16109356488
+15632086870
+15171254652
+13033293639
+17069622721
+15594291997
+18160967512
+16893291936
+12125877935
+15672888705
+12088455803
+14013574258
+16611661351
+16068181979
+13519215519
+15165441512
+15019262591
+16282418672
+18161747292
+13644494664
+16827966706
+14408503615
+14128904683
+18280578450
+16606063991
+13088616945
+18051740393
+17267942675
+15100362369
+12522400721
+18328676009
+12083723216
+13022471947
+19516471741
+18570972026
+16202312701
+15095248321
+17857374008
+12061646493
+16180927245
+15405874749
+19524307000
+16781652042
+16023215559
+17814435349
+16501807013
+14805051207
+13200886310
+18329482797
+19091986745
+14341269524
+18320393700
+15182747711
+18575060467
+16607821522
+19087563045
+16108457951
+17204303210
+12760707953
+19076804272
+12067032102
+16893857515
+16269534876
+19807734588
+14401103222
+13164349477
+18141432092
+13168025119
+17724276923
+19290605346
+13028911178
+12092004994
+14708302769
+18052060433
+14344424879
+13142087061
+15314216812
+15181468364
+17273032804
+12175712271
+19478432906
+12257542209
+17089561139
+19177300420
+17127390038
+17139203236
+17255498564
+17601231681
+18049886173
+13151395313
+17755943291
+14128976473
+19070885158
+18473442740
+19289138941
+13403670105
+17707908824
+19496755864
+16360306633
+17172968985
+15717424050
+13863092353
+18177027334
+17259453875
+16122921997
+14056694974
+12183458188
+15316380619
+12396102858
+15349705489
+19254153884
+15418276188
+13803589465
+15208333554
+18176087263
+12258611164
+14259846037
+19017781535
+17732793248
+14752629457
+15021819473
+17604660366
+15049939209
+17186219820
+13036919736
+12315373884
+18056991183
+19200699749
+14585850282
+17315439162
+17725600192
+16806957002
+16315690057
+15398781191
+18282365819
+19407547482
+17407927817
+14403765420
+19066964998
+19172464021
+14145871322
+17548269554
+16892019318
+17865425764
+14322092965
+18434220973
+17541869307
+13371955307
+14697123030
+17207270044
+12762431110
+18785003632
+16896191273
+18284674797
+15160512633
+12399887096
+14797982809
+15319391552
+16160266240
+18707552915
+14056986144
+18045961229
+12066337340
+15200258485
+12605999044
+17654327419
+18014993808
+13047592780
+15511581464
+18722777423
+19569334825
+13369369519
+16162799797
+19340974158
+17572944300
+17370582841
+16078233701
+14236913600
+19018534204
+17154154132
+17859585487
